255 255 255 255 255 255 255 255 255 255 255 255 255 255 255 255
255 255 255 255 255 255 255 255 255 255 255 255 255 255 255 255
255 255 255 255 255 255 255  91 255  79 223 255 255 165 255 255
255 255 255 255 255 255 255 102  68  95  34 255 255 165 255 255
255 255 255 255 255 255 255 255 255 255 255 255 255 255 255 255
255 255 112  79 104  79 255  95 237  35 255 255  47  83 183 255
255 255 124 178 255 255 255 255 111 243 255 172  47 223 255 255
255 255 132  97 145  63 255  76 170 255 237 255  47 223 255 255
255 255 255 255 255 255 255 255 255 255 255 255 255 255 255 255
255 255 255 255 255 255 255 127 255 255 229 255 235 255 255 255
255 255 255 255 255 255 255 127 255 255 238 255 235 255 255 255
255 255 255 255 255 255 255 255 255 255 255 255 255 255 255 255
255 255 255 255 255 255 255 255 255 255 255 255 255 255 255 255
255 255 255 255 255 255 255 255 255 255 255 255 255 255 255 255
255 255 255 255 255 255 255 255 255 255 255 255 255 255 255 255
255 255 255 255 255 255 255 255 255 255 255 255 255 255 255 255
255 255 255 255 255 255 255 255 255 255 255 255 255 255 255 255
255 255 255 255 255 255 255 255 255 255 255 255 255 255 255 255
255 255 255 255 255 255 255  91 255  79 223 255 255 165 255 255
255 255 255 255 255 255 255 102  68  95  34 255 255 165 255 255
255 255 255 255 255 255 255 255 255 255 255 255 255 255 255 255
255 255 112  79 104  79 255  95 237  35 255 255  47  83 183 255
255 255 124 178 255 255 255 255 111 243 255 172  47 223 255 255
255 255 132  97 145  63 255  76 170 255 237 255  47 223 255 255
255 255 255 255 255 255 255 255 255 255 255 255 255 255 255 255
255 255 255 255 255 255 255 127 255 255 229 255 235 255 255 255
255 255 255 255 255 255 255 127 255 255 238 255 235 255 255 255
255 255 255 255 255 255 255 255 255 255 255 255 255 255 255 255
255 255 255 255 255 255 255 255 255 255 255 255 255 255 255 255
255 255 255 255 255 255 255 255 255 255 255 255 255 255 255 255
255 255 255 255 255 255 255 255 255 255 255 255 255 255 255 255
255 255 255 255 255 255 255 255 255 255 255 255 255 255 255 255
255 255 255 255 255 255 255 255 255 255 255 255 255 255 255 255
255 255 255 255 255 255 255 255 255 255 255 255 255 255 255 255
255 255 255 255 255 255 255  91 255  79 223 255 255 165 255 255
255 255 255 255 255 255 255 102  68  95  34 255 255 165 255 255
255 255 255 255 255 255 255 255 255 255 255 255 255 255 255 255
255 255 112  79 104  79 255  95 237  35 255 255  47  83 183 255
255 255 124 178 255 255 255 255 111 243 255 172  47 223 255 255
255 255 132  97 145  63 255  76 170 255 237 255  47 223 255 255
255 255 255 255 255 255 255 255 255 255 255 255 255 255 255 255
255 255 255 255 255 255 255 127 255 255 229 255 235 255 255 255
255 255 255 255 255 255 255 127 255 255 238 255 235 255 255 255
255 255 255 255 255 255 255 255 255 255 255 255 255 255 255 255
255 255 255 255 255 255 255 255 255 255 255 255 255 255 255 255
255 255 255 255 255 255 255 255 255 255 255 255 255 255 255 255
255 255 255 255 255 255 255 255 255 255 255 255 255 255 255 255
255 255 255 255 255 255 255 255 255 255 255 255 255 255 255 255

255 255 255 255 255 255 255 255 255 255 255 255 255 255 255 255
255 255 255 255 255 188 255 255 255 255 255 255 255 255 255 255
255 255 169 169 255  84 214 214 255 255 255 255 255 255 255 255
255 255 255 255 255  57  57  57 255 232 232 255 255 255 255 255
255 255 255 255 255 255 169 255 255 255 255 255 255 255 255 255
255 255 220  34 255 255 255 237 255 226 238 255 255 255 255 255
255 255  89 105 255  37 244 255 255 255 255 255 255 255 255 255
255 255 255  72 255 237 121 165 255 255 255 255 255 255 255 255
255 255  85 108 255 101 255  71 255 119 119 255 255 255 255 255
255 255 255 255 255 255 255 255 255 255 255 255 255 255 255 255
255 255 255 255 255  84 255  61 255 255 255 255 255 255 255 255
255 255 255 255 255 106 255 155 255 255 255 255 255 255 255 255
255 255 255 255 255  75 175 105 255 255 255 255 255 255 255 255
255 255 255 255 255 102 130 134 255 255 255 255 255 255 255 255
255 255 255 255 255 255 255 255 255 255 255 255 255 255 255 255
255 255 255 255 255 255 255 255 255 255 255 255 255 255 255 255
255 255 255 255 255 255 255 255 255 255 255 255 255 255 255 255
255 255 255 255 255 188 255 255 255 255 255 255 255 255 255 255
255 255 169 169 255  84 214 214 255 255 255 255 255 255 255 255
255 255 255 255 255  57  57  57 255 232 232 255 255 255 255 255
255 255 255 255 255 255 169 255 255 255 255 255 255 255 255 255
255 255 220  34 255 255 255 237 255 226 238 255 255 255 255 255
255 255  89 105 255  37 244 255 255 255 255 255 255 255 255 255
255 255 255  72 255 237 121 165 255 255 255 255 255 255 255 255
255 255  85 108 255 101 255  71 255 119 119 255 255 255 255 255
255 255 255 255 255 255 255 255 255 255 255 255 255 255 255 255
255 255 255 255 255  84 255  61 255 255 255 255 255 255 255 255
255 255 255 255 255 106 255 155 255 255 255 255 255 255 255 255
255 255 255 255 255  75 175 105 255 255 255 255 255 255 255 255
255 255 255 255 255 102 130 134 255 255 255 255 255 255 255 255
255 255 255 255 255 255 255 255 255 255 255 255 255 255 255 255
255 255 255 255 255 255 255 255 255 255 255 255 255 255 255 255
255 255 255 255 255 255 255 255 255 255 255 255 255 255 255 255
255 255 255 255 255 188 255 255 255 255 255 255 255 255 255 255
255 255 169 169 255  84 214 214 255 255 255 255 255 255 255 255
255 255 255 255 255  57  57  57 255 232 232 255 255 255 255 255
255 255 255 255 255 255 169 255 255 255 255 255 255 255 255 255
255 255 220  34 255 255 255 237 255 226 238 255 255 255 255 255
255 255  89 105 255  37 244 255 255 255 255 255 255 255 255 255
255 255 255  72 255 237 121 165 255 255 255 255 255 255 255 255
255 255  85 108 255 101 255  71 255 119 119 255 255 255 255 255
255 255 255 255 255 255 255 255 255 255 255 255 255 255 255 255
255 255 255 255 255  84 255  61 255 255 255 255 255 255 255 255
255 255 255 255 255 106 255 155 255 255 255 255 255 255 255 255
255 255 255 255 255  75 175 105 255 255 255 255 255 255 255 255
255 255 255 255 255 102 130 134 255 255 255 255 255 255 255 255
255 255 255 255 255 255 255 255 255 255 255 255 255 255 255 255
255 255 255 255 255 255 255 255 255 255 255 255 255 255 255 255

255 255 255 255 255 255 255 255 255 255 255 255 255 255 255 255
255 255 255 255 255 255 255 255 255 255 255 255 255 255 255 255
255 255 255 255 255 255 255 255 255 255 255 255 255 255 255 255
255 255 255 255 255 255 255 255 255 255 255 255 255 255 255 255
255 255 255 255 255 255 255 255 255 255 255 255 255 255 255 255
255 255 255 232 255 238 255 255 119 255 255 255 255 255 255 255
255 255 255 232 255 226 255 255 119 255 255 255 255 255 255 255
255 255 255 255 255 255 255 255 255 255 255 255 255 255 255 255
255 255 214  57 255 237 255 165  71 255  61 155 105 134 255 255
255 255 214  57 169 255 244 121 255 255 255 255 175 130 255 255
255 188  84  57 255 255  37 237 101 255  84 106  75 102 255 255
255 255 255 255 255 255 255 255 255 255 255 255 255 255 255 255
255 255 169 255 255  34 105  72 108 255 255 255 255 255 255 255
255 255 169 255 255 220  89 255  85 255 255 255 255 255 255 255
255 255 255 255 255 255 255 255 255 255 255 255 255 255 255 255
255 255 255 255 255 255 255 255 255 255 255 255 255 255 255 255
255 255 255 255 255 255 255 255 255 255 255 255 255 255 255 255
255 255 255 255 255 255 255 255 255 255 255 255 255 255 255 255
255 255 255 255 255 255 255 255 255 255 255 255 255 255 255 255
255 255 255 255 255 255 255 255 255 255 255 255 255 255 255 255
255 255 255 255 255 255 255 255 255 255 255 255 255 255 255 255
255 255 255 232 255 238 255 255 119 255 255 255 255 255 255 255
255 255 255 232 255 226 255 255 119 255 255 255 255 255 255 255
255 255 255 255 255 255 255 255 255 255 255 255 255 255 255 255
255 255 214  57 255 237 255 165  71 255  61 155 105 134 255 255
255 255 214  57 169 255 244 121 255 255 255 255 175 130 255 255
255 188  84  57 255 255  37 237 101 255  84 106  75 102 255 255
255 255 255 255 255 255 255 255 255 255 255 255 255 255 255 255
255 255 169 255 255  34 105  72 108 255 255 255 255 255 255 255
255 255 169 255 255 220  89 255  85 255 255 255 255 255 255 255
255 255 255 255 255 255 255 255 255 255 255 255 255 255 255 255
255 255 255 255 255 255 255 255 255 255 255 255 255 255 255 255
255 255 255 255 255 255 255 255 255 255 255 255 255 255 255 255
255 255 255 255 255 255 255 255 255 255 255 255 255 255 255 255
255 255 255 255 255 255 255 255 255 255 255 255 255 255 255 255
255 255 255 255 255 255 255 255 255 255 255 255 255 255 255 255
255 255 255 255 255 255 255 255 255 255 255 255 255 255 255 255
255 255 255 232 255 238 255 255 119 255 255 255 255 255 255 255
255 255 255 232 255 226 255 255 119 255 255 255 255 255 255 255
255 255 255 255 255 255 255 255 255 255 255 255 255 255 255 255
255 255 214  57 255 237 255 165  71 255  61 155 105 134 255 255
255 255 214  57 169 255 244 121 255 255 255 255 175 130 255 255
255 188  84  57 255 255  37 237 101 255  84 106  75 102 255 255
255 255 255 255 255 255 255 255 255 255 255 255 255 255 255 255
255 255 169 255 255  34 105  72 108 255 255 255 255 255 255 255
255 255 169 255 255 220  89 255  85 255 255 255 255 255 255 255
255 255 255 255 255 255 255 255 255 255 255 255 255 255 255 255
255 255 255 255 255 255 255 255 255 255 255 255 255 255 255 255

255 255 255 255 255 255 255 255 255 255 255 255 255 255 255 255
255 255 255 255 255 255 255 255 255 255 255 255 255 255 255 255
255 255 255 255 255 255 255 255 134 130 102 255 255 255 255 255
255 255 255 255 255 255 255 255 105 175  75 255 255 255 255 255
255 255 255 255 255 255 255 255 155 255 106 255 255 255 255 255
255 255 255 255 255 255 255 255  61 255  84 255 255 255 255 255
255 255 255 255 255 255 255 255 255 255 255 255 255 255 255 255
255 255 255 255 255 119 119 255  71 255 101 255 108  85 255 255
255 255 255 255 255 255 255 255 165 121 237 255  72 255 255 255
255 255 255 255 255 255 255 255 255 244  37 255 105  89 255 255
255 255 255 255 255 238 226 255 237 255 255 255  34 220 255 255
255 255 255 255 255 255 255 255 255 169 255 255 255 255 255 255
255 255 255 255 255 232 232 255  57  57  57 255 255 255 255 255
255 255 255 255 255 255 255 255 214 214  84 255 169 169 255 255
255 255 255 255 255 255 255 255 255 255 188 255 255 255 255 255
255 255 255 255 255 255 255 255 255 255 255 255 255 255 255 255
255 255 255 255 255 255 255 255 255 255 255 255 255 255 255 255
255 255 255 255 255 255 255 255 255 255 255 255 255 255 255 255
255 255 255 255 255 255 255 255 134 130 102 255 255 255 255 255
255 255 255 255 255 255 255 255 105 175  75 255 255 255 255 255
255 255 255 255 255 255 255 255 155 255 106 255 255 255 255 255
255 255 255 255 255 255 255 255  61 255  84 255 255 255 255 255
255 255 255 255 255 255 255 255 255 255 255 255 255 255 255 255
255 255 255 255 255 119 119 255  71 255 101 255 108  85 255 255
255 255 255 255 255 255 255 255 165 121 237 255  72 255 255 255
255 255 255 255 255 255 255 255 255 244  37 255 105  89 255 255
255 255 255 255 255 238 226 255 237 255 255 255  34 220 255 255
255 255 255 255 255 255 255 255 255 169 255 255 255 255 255 255
255 255 255 255 255 232 232 255  57  57  57 255 255 255 255 255
255 255 255 255 255 255 255 255 214 214  84 255 169 169 255 255
255 255 255 255 255 255 255 255 255 255 188 255 255 255 255 255
255 255 255 255 255 255 255 255 255 255 255 255 255 255 255 255
255 255 255 255 255 255 255 255 255 255 255 255 255 255 255 255
255 255 255 255 255 255 255 255 255 255 255 255 255 255 255 255
255 255 255 255 255 255 255 255 134 130 102 255 255 255 255 255
255 255 255 255 255 255 255 255 105 175  75 255 255 255 255 255
255 255 255 255 255 255 255 255 155 255 106 255 255 255 255 255
255 255 255 255 255 255 255 255  61 255  84 255 255 255 255 255
255 255 255 255 255 255 255 255 255 255 255 255 255 255 255 255
255 255 255 255 255 119 119 255  71 255 101 255 108  85 255 255
255 255 255 255 255 255 255 255 165 121 237 255  72 255 255 255
255 255 255 255 255 255 255 255 255 244  37 255 105  89 255 255
255 255 255 255 255 238 226 255 237 255 255 255  34 220 255 255
255 255 255 255 255 255 255 255 255 169 255 255 255 255 255 255
255 255 255 255 255 232 232 255  57  57  57 255 255 255 255 255
255 255 255 255 255 255 255 255 214 214  84 255 169 169 255 255
255 255 255 255 255 255 255 255 255 255 188 255 255 255 255 255
255 255 255 255 255 255 255 255 255 255 255 255 255 255 255 255
