255 255 255 255 255 255 255 255 255 255 255 255 255 255 255 255
255 255 255 255 255 255 255 255 255 105 224 105 128  98 255 255
255 255 255 255 255 255 255 255 255 124 223  76 124  66 255 255
255 255 255 255 255 255 255 255 255 255 224 105 128 238 255 255
255 255 255 255 255 255 255 255 255 255 255 255 255 255 255 255
255 217 251 247 250 248 161 198  90 255 233   0 255 248 248 255
255 167 246 255 223 191 255 138 200 103  78  38  90 255 255 255
255 241 255 147 255 255 205 255 238 208 243 162 250 255 255 255
255 255 255 255 255 255 255 255 255 255 255 255 255 255 255 255
255 133 255 255 179 255 146  76  39 159 255 229 255 250 128 255
255 133 255 255 180 255 255 255 210 165 249 229 255  59   0 255
255 255 255 255 255 255 255 255 255 255 255 255 255 255 255 255
255 255 255 255 255 255 255 255 255 255 255 255 255 255 255 255
255 255 255 255 255 255 255 255 255 255 255 255 255 255 255 255
255 255 255 255 255 255 255 255 255 255 255 255 255 255 255 255
255 255 255 255 255 255 255 255 255 255 255 255 255 255 255 255
255 255 255 255 255 255 255 255 255 255 255 255 255 255 255 255
255 255 255 255 255 255 255 255 255 105 224 105 128  98 255 255
255 255 255 255 255 255 255 255 255 124 223  76 124  66 255 255
255 255 255 255 255 255 255 255 255 255 224 105 128 238 255 255
255 255 255 255 255 255 255 255 255 255 255 255 255 255 255 255
255 217 251 247 250 248 161 198  90 255 233   0 255 248 248 255
255 167 246 255 223 191 255 138 200 103  78  38  90 255 255 255
255 241 255 147 255 255 205 255 238 208 243 162 250 255 255 255
255 255 255 255 255 255 255 255 255 255 255 255 255 255 255 255
255 133 255 255 179 255 146  76  39 159 255 229 255 250 128 255
255 133 255 255 180 255 255 255 210 165 249 229 255  59   0 255
255 255 255 255 255 255 255 255 255 255 255 255 255 255 255 255
255 255 255 255 255 255 255 255 255 255 255 255 255 255 255 255
255 255 255 255 255 255 255 255 255 255 255 255 255 255 255 255
255 255 255 255 255 255 255 255 255 255 255 255 255 255 255 255
255 255 255 255 255 255 255 255 255 255 255 255 255 255 255 255
255 255 255 255 255 255 255 255 255 255 255 255 255 255 255 255
255 255 255 255 255 255 255 255 255 105 224 105 128  98 255 255
255 255 255 255 255 255 255 255 255 124 223  76 124  66 255 255
255 255 255 255 255 255 255 255 255 255 224 105 128 238 255 255
255 255 255 255 255 255 255 255 255 255 255 255 255 255 255 255
255 217 251 247 250 248 161 198  90 255 233   0 255 248 248 255
255 167 246 255 223 191 255 138 200 103  78  38  90 255 255 255
255 241 255 147 255 255 205 255 238 208 243 162 250 255 255 255
255 255 255 255 255 255 255 255 255 255 255 255 255 255 255 255
255 133 255 255 179 255 146  76  39 159 255 229 255 250 128 255
255 133 255 255 180 255 255 255 210 165 249 229 255  59   0 255
255 255 255 255 255 255 255 255 255 255 255 255 255 255 255 255
255 255 255 255 255 255 255 255 255 255 255 255 255 255 255 255
255 255 255 255 255 255 255 255 255 255 255 255 255 255 255 255
255 255 255 255 255 255 255 255 255 255 255 255 255 255 255 255
255 255 255 255 255 255 255 255 255 255 255 255 255 255 255 255

255 255 255 255 255 255 255 255 255 255 255 255 255 255 255 255
255 255 255 255 255 252 255 255 255 131   4 255 255 255 255 255
255 100  64 235 255 252 255 255 255 249  57 255 255 255 255 255
255 123 119 123 255 255  93 251 255 255 255 255 255 255 255 255
255 111  71 100 255   0  44 172 255 226 226 255 255 255 255 255
255 221 220 222 255 233  79 243 255 255 248 255 255 255 255 255
255 111 115 255 255 255  97 214 255 150 158 255 255 255 255 255
255 255 255 255 255  82 199 239 255  39 207 255 255 255 255 255
255 255 255 255 255 201 133 255 255  80 255 255 255 255 255 255
255 255 255 255 255 167 255 212 255 155 255 255 255 255 255 255
255 255 255 255 255 252 200 255 255 255 255 255 255 255 255 255
255 255 255 255 255 250 227 255 255 188 190 255 255 255 255 255
255 255 255 255 255 252 255 155 255 255 255 255 255 255 255 255
255 255 255 255 255 253 249 255 255 255 255 255 255 255 255 255
255 255 255 255 255 229 182 246 255 139 139 255 255 255 255 255
255 255 255 255 255 255 255 255 255 255 255 255 255 255 255 255
255 255 255 255 255 255 255 255 255 255 255 255 255 255 255 255
255 255 255 255 255 252 255 255 255 131   4 255 255 255 255 255
255 100  64 235 255 252 255 255 255 249  57 255 255 255 255 255
255 123 119 123 255 255  93 251 255 255 255 255 255 255 255 255
255 111  71 100 255   0  44 172 255 226 226 255 255 255 255 255
255 221 220 222 255 233  79 243 255 255 248 255 255 255 255 255
255 111 115 255 255 255  97 214 255 150 158 255 255 255 255 255
255 255 255 255 255  82 199 239 255  39 207 255 255 255 255 255
255 255 255 255 255 201 133 255 255  80 255 255 255 255 255 255
255 255 255 255 255 167 255 212 255 155 255 255 255 255 255 255
255 255 255 255 255 252 200 255 255 255 255 255 255 255 255 255
255 255 255 255 255 250 227 255 255 188 190 255 255 255 255 255
255 255 255 255 255 252 255 155 255 255 255 255 255 255 255 255
255 255 255 255 255 253 249 255 255 255 255 255 255 255 255 255
255 255 255 255 255 229 182 246 255 139 139 255 255 255 255 255
255 255 255 255 255 255 255 255 255 255 255 255 255 255 255 255
255 255 255 255 255 255 255 255 255 255 255 255 255 255 255 255
255 255 255 255 255 252 255 255 255 131   4 255 255 255 255 255
255 100  64 235 255 252 255 255 255 249  57 255 255 255 255 255
255 123 119 123 255 255  93 251 255 255 255 255 255 255 255 255
255 111  71 100 255   0  44 172 255 226 226 255 255 255 255 255
255 221 220 222 255 233  79 243 255 255 248 255 255 255 255 255
255 111 115 255 255 255  97 214 255 150 158 255 255 255 255 255
255 255 255 255 255  82 199 239 255  39 207 255 255 255 255 255
255 255 255 255 255 201 133 255 255  80 255 255 255 255 255 255
255 255 255 255 255 167 255 212 255 155 255 255 255 255 255 255
255 255 255 255 255 252 200 255 255 255 255 255 255 255 255 255
255 255 255 255 255 250 227 255 255 188 190 255 255 255 255 255
255 255 255 255 255 252 255 155 255 255 255 255 255 255 255 255
255 255 255 255 255 253 249 255 255 255 255 255 255 255 255 255
255 255 255 255 255 229 182 246 255 139 139 255 255 255 255 255
255 255 255 255 255 255 255 255 255 255 255 255 255 255 255 255

255 255 255 255 255 255 255 255 255 255 255 255 255 255 255 255
255 255 255 255 255 255 255 255 255 255 255 255 255 255 255 255
255 255 255 255 255 255 255 255 255 255 255 255 255 255 255 255
255 255 255 255 255 255 255 255 255 255 255 255 255 255 255 255
255 255 255 255 255 255 255 255 255 255 255 255 255 255 255 255
255   4  57 255 226 248 158 207 255 255 255 190 255 255 139 255
255 131 249 255 226 255 150  39  80 155 255 188 255 255 139 255
255 255 255 255 255 255 255 255 255 255 255 255 255 255 255 255
255 255 255 251 172 243 214 239 255 212 255 255 155 255 246 255
255 255 255  93  44  79  97 199 133 255 200 227 255 249 182 255
255 252 252 255   0 233 255  82 201 167 252 250 252 253 229 255
255 255 255 255 255 255 255 255 255 255 255 255 255 255 255 255
255 255 235 123 100 222 255 255 255 255 255 255 255 255 255 255
255 255  64 119  71 220 115 255 255 255 255 255 255 255 255 255
255 255 100 123 111 221 111 255 255 255 255 255 255 255 255 255
255 255 255 255 255 255 255 255 255 255 255 255 255 255 255 255
255 255 255 255 255 255 255 255 255 255 255 255 255 255 255 255
255 255 255 255 255 255 255 255 255 255 255 255 255 255 255 255
255 255 255 255 255 255 255 255 255 255 255 255 255 255 255 255
255 255 255 255 255 255 255 255 255 255 255 255 255 255 255 255
255 255 255 255 255 255 255 255 255 255 255 255 255 255 255 255
255   4  57 255 226 248 158 207 255 255 255 190 255 255 139 255
255 131 249 255 226 255 150  39  80 155 255 188 255 255 139 255
255 255 255 255 255 255 255 255 255 255 255 255 255 255 255 255
255 255 255 251 172 243 214 239 255 212 255 255 155 255 246 255
255 255 255  93  44  79  97 199 133 255 200 227 255 249 182 255
255 252 252 255   0 233 255  82 201 167 252 250 252 253 229 255
255 255 255 255 255 255 255 255 255 255 255 255 255 255 255 255
255 255 235 123 100 222 255 255 255 255 255 255 255 255 255 255
255 255  64 119  71 220 115 255 255 255 255 255 255 255 255 255
255 255 100 123 111 221 111 255 255 255 255 255 255 255 255 255
255 255 255 255 255 255 255 255 255 255 255 255 255 255 255 255
255 255 255 255 255 255 255 255 255 255 255 255 255 255 255 255
255 255 255 255 255 255 255 255 255 255 255 255 255 255 255 255
255 255 255 255 255 255 255 255 255 255 255 255 255 255 255 255
255 255 255 255 255 255 255 255 255 255 255 255 255 255 255 255
255 255 255 255 255 255 255 255 255 255 255 255 255 255 255 255
255   4  57 255 226 248 158 207 255 255 255 190 255 255 139 255
255 131 249 255 226 255 150  39  80 155 255 188 255 255 139 255
255 255 255 255 255 255 255 255 255 255 255 255 255 255 255 255
255 255 255 251 172 243 214 239 255 212 255 255 155 255 246 255
255 255 255  93  44  79  97 199 133 255 200 227 255 249 182 255
255 252 252 255   0 233 255  82 201 167 252 250 252 253 229 255
255 255 255 255 255 255 255 255 255 255 255 255 255 255 255 255
255 255 235 123 100 222 255 255 255 255 255 255 255 255 255 255
255 255  64 119  71 220 115 255 255 255 255 255 255 255 255 255
255 255 100 123 111 221 111 255 255 255 255 255 255 255 255 255
255 255 255 255 255 255 255 255 255 255 255 255 255 255 255 255

255 255 255 255 255 255 255 255 255 255 255 255 255 255 255 255
255 255 255 255 255 139 139 255 246 182 229 255 255 255 255 255
255 255 255 255 255 255 255 255 255 249 253 255 255 255 255 255
255 255 255 255 255 255 255 255 155 255 252 255 255 255 255 255
255 255 255 255 255 190 188 255 255 227 250 255 255 255 255 255
255 255 255 255 255 255 255 255 255 200 252 255 255 255 255 255
255 255 255 255 255 255 155 255 212 255 167 255 255 255 255 255
255 255 255 255 255 255  80 255 255 133 201 255 255 255 255 255
255 255 255 255 255 207  39 255 239 199  82 255 255 255 255 255
255 255 255 255 255 158 150 255 214  97 255 255 255 115 111 255
255 255 255 255 255 248 255 255 243  79 233 255 222 220 221 255
255 255 255 255 255 226 226 255 172  44   0 255 100  71 111 255
255 255 255 255 255 255 255 255 251  93 255 255 123 119 123 255
255 255 255 255 255  57 249 255 255 255 252 255 235  64 100 255
255 255 255 255 255   4 131 255 255 255 252 255 255 255 255 255
255 255 255 255 255 255 255 255 255 255 255 255 255 255 255 255
255 255 255 255 255 255 255 255 255 255 255 255 255 255 255 255
255 255 255 255 255 139 139 255 246 182 229 255 255 255 255 255
255 255 255 255 255 255 255 255 255 249 253 255 255 255 255 255
255 255 255 255 255 255 255 255 155 255 252 255 255 255 255 255
255 255 255 255 255 190 188 255 255 227 250 255 255 255 255 255
255 255 255 255 255 255 255 255 255 200 252 255 255 255 255 255
255 255 255 255 255 255 155 255 212 255 167 255 255 255 255 255
255 255 255 255 255 255  80 255 255 133 201 255 255 255 255 255
255 255 255 255 255 207  39 255 239 199  82 255 255 255 255 255
255 255 255 255 255 158 150 255 214  97 255 255 255 115 111 255
255 255 255 255 255 248 255 255 243  79 233 255 222 220 221 255
255 255 255 255 255 226 226 255 172  44   0 255 100  71 111 255
255 255 255 255 255 255 255 255 251  93 255 255 123 119 123 255
255 255 255 255 255  57 249 255 255 255 252 255 235  64 100 255
255 255 255 255 255   4 131 255 255 255 252 255 255 255 255 255
255 255 255 255 255 255 255 255 255 255 255 255 255 255 255 255
255 255 255 255 255 255 255 255 255 255 255 255 255 255 255 255
255 255 255 255 255 139 139 255 246 182 229 255 255 255 255 255
255 255 255 255 255 255 255 255 255 249 253 255 255 255 255 255
255 255 255 255 255 255 255 255 155 255 252 255 255 255 255 255
255 255 255 255 255 190 188 255 255 227 250 255 255 255 255 255
255 255 255 255 255 255 255 255 255 200 252 255 255 255 255 255
255 255 255 255 255 255 155 255 212 255 167 255 255 255 255 255
255 255 255 255 255 255  80 255 255 133 201 255 255 255 255 255
255 255 255 255 255 207  39 255 239 199  82 255 255 255 255 255
255 255 255 255 255 158 150 255 214  97 255 255 255 115 111 255
255 255 255 255 255 248 255 255 243  79 233 255 222 220 221 255
255 255 255 255 255 226 226 255 172  44   0 255 100  71 111 255
255 255 255 255 255 255 255 255 251  93 255 255 123 119 123 255
255 255 255 255 255  57 249 255 255 255 252 255 235  64 100 255
255 255 255 255 255   4 131 255 255 255 252 255 255 255 255 255
255 255 255 255 255 255 255 255 255 255 255 255 255 255 255 255
