255 255 255 255 255 255 255 255 255 255 255 255 255 255 255 255
255 255 255 255 255 255 255 255 255 255 255 255 255 255   0 255
255 255 255 255 255 255 255 255 255 255 255  12 255 255   0 255
255 255 255 255 255 255 255 255 255 255 255 255 255 255 255 255
255 255 255  87   0 255 255 255 255 255 255 255 255 255 255 255
255 255 255 255 255 112 255 255 255 255 255 255 255 255 255 255
255 255 255 255 255 255 255   0 255   9   0   0   0   5 255 255
255 255 255   5 255   0   0 254 255 233  49 193 224 253 255 255
255 255 255  36 255 255 222 255 255 255 255 255 255 254 255 255
255 255   0 255 255 255  73 219 178  18 197 255 255 255 255 255
255 255 255 255 255 255 255 255 255 255 255 255 255 255 255 255
255 255 243 232 255 255 255 255 255 255 255 255 255 255 255 255
255 255 255 255 255 255 255 255 255 255 255 255 255 255 255 255
255 255 255 255 255 255 255 255 255 255 255 255 255 255 255 255
255 255 255 255 255 255 255 255 255 255 255 255 255 255 255 255
255 255 255 255 255 255 255 255 255 255 255 255 255 255 255 255
255 255 255 255 255 255 255 255 255 255 255 255 255 255 255 255
255 255 255 255 255 255 255 255 255 255 255 255 255 255   0 255
255 255 255 255 255 255 255 255 255 255 255  12 255 255   0 255
255 255 255 255 255 255 255 255 255 255 255 255 255 255 255 255
255 255 255  87   0 255 255 255 255 255 255 255 255 255 255 255
255 255 255 255 255 112 255 255 255 255 255 255 255 255 255 255
255 255 255 255 255 255 255   0 255   9   0   0   0   5 255 255
255 255 255   5 255   0   0 254 255 233  49 193 224 253 255 255
255 255 255  36 255 255 222 255 255 255 255 255 255 254 255 255
255 255   0 255 255 255  73 219 178  18 197 255 255 255 255 255
255 255 255 255 255 255 255 255 255 255 255 255 255 255 255 255
255 255 243 232 255 255 255 255 255 255 255 255 255 255 255 255
255 255 255 255 255 255 255 255 255 255 255 255 255 255 255 255
255 255 255 255 255 255 255 255 255 255 255 255 255 255 255 255
255 255 255 255 255 255 255 255 255 255 255 255 255 255 255 255
255 255 255 255 255 255 255 255 255 255 255 255 255 255 255 255
255 255 255 255 255 255 255 255 255 255 255 255 255 255 255 255
255 255 255 255 255 255 255 255 255 255 255 255 255 255   0 255
255 255 255 255 255 255 255 255 255 255 255  12 255 255   0 255
255 255 255 255 255 255 255 255 255 255 255 255 255 255 255 255
255 255 255  87   0 255 255 255 255 255 255 255 255 255 255 255
255 255 255 255 255 112 255 255 255 255 255 255 255 255 255 255
255 255 255 255 255 255 255   0 255   9   0   0   0   5 255 255
255 255 255   5 255   0   0 254 255 233  49 193 224 253 255 255
255 255 255  36 255 255 222 255 255 255 255 255 255 254 255 255
255 255   0 255 255 255  73 219 178  18 197 255 255 255 255 255
255 255 255 255 255 255 255 255 255 255 255 255 255 255 255 255
255 255 243 232 255 255 255 255 255 255 255 255 255 255 255 255
255 255 255 255 255 255 255 255 255 255 255 255 255 255 255 255
255 255 255 255 255 255 255 255 255 255 255 255 255 255 255 255
255 255 255 255 255 255 255 255 255 255 255 255 255 255 255 255
255 255 255 255 255 255 255 255 255 255 255 255 255 255 255 255

255 255 255 255 255 255 255 255 255 255 255 255 255 255 255 255
255   0   0 255 255 255 255 255 255 255 255 255 255 255 255 255
255 255 255 255 255 255   6 254 255 255 255 255 255 255 255 255
255 255 255 255 255 255   0 224 255 255 255 255 255 255 255 255
255 255  13 255 255 255   0 193 255 255 255 255 255 255 255 255
255 255 255 255 255 255   0  49 255 198 255 255 255 255 255 255
255 255 255 255 255 255   9 233 255  19 255 255 255 255 255 255
255 255 255 255 255 255 255 255 255 179 255 255 255 255 255 255
255 255 255 255 255 255   0 255 255 219 255 255 255 255 255 255
255 255 255 255 255 255 255   0 223  74 255 255 255 255 255 255
255 255 255 255 255 112 255   0 255 255 255 255 255 255 255 255
255 255 255 255   0 255 255 255 255 255 255 255 255 255 255 255
255 255 255 255  87 255 255   5  37 255 255 233 255 255 255 255
255 255 255 255 255 255 255 255 255   0 255 244 255 255 255 255
255 255 255 255 255 255 255 255 255 255 255 255 255 255 255 255
255 255 255 255 255 255 255 255 255 255 255 255 255 255 255 255
255 255 255 255 255 255 255 255 255 255 255 255 255 255 255 255
255   0   0 255 255 255 255 255 255 255 255 255 255 255 255 255
255 255 255 255 255 255   6 254 255 255 255 255 255 255 255 255
255 255 255 255 255 255   0 224 255 255 255 255 255 255 255 255
255 255  13 255 255 255   0 193 255 255 255 255 255 255 255 255
255 255 255 255 255 255   0  49 255 198 255 255 255 255 255 255
255 255 255 255 255 255   9 233 255  19 255 255 255 255 255 255
255 255 255 255 255 255 255 255 255 179 255 255 255 255 255 255
255 255 255 255 255 255   0 255 255 219 255 255 255 255 255 255
255 255 255 255 255 255 255   0 223  74 255 255 255 255 255 255
255 255 255 255 255 112 255   0 255 255 255 255 255 255 255 255
255 255 255 255   0 255 255 255 255 255 255 255 255 255 255 255
255 255 255 255  87 255 255   5  37 255 255 233 255 255 255 255
255 255 255 255 255 255 255 255 255   0 255 244 255 255 255 255
255 255 255 255 255 255 255 255 255 255 255 255 255 255 255 255
255 255 255 255 255 255 255 255 255 255 255 255 255 255 255 255
255 255 255 255 255 255 255 255 255 255 255 255 255 255 255 255
255   0   0 255 255 255 255 255 255 255 255 255 255 255 255 255
255 255 255 255 255 255   6 254 255 255 255 255 255 255 255 255
255 255 255 255 255 255   0 224 255 255 255 255 255 255 255 255
255 255  13 255 255 255   0 193 255 255 255 255 255 255 255 255
255 255 255 255 255 255   0  49 255 198 255 255 255 255 255 255
255 255 255 255 255 255   9 233 255  19 255 255 255 255 255 255
255 255 255 255 255 255 255 255 255 179 255 255 255 255 255 255
255 255 255 255 255 255   0 255 255 219 255 255 255 255 255 255
255 255 255 255 255 255 255   0 223  74 255 255 255 255 255 255
255 255 255 255 255 112 255   0 255 255 255 255 255 255 255 255
255 255 255 255   0 255 255 255 255 255 255 255 255 255 255 255
255 255 255 255  87 255 255   5  37 255 255 233 255 255 255 255
255 255 255 255 255 255 255 255 255   0 255 244 255 255 255 255
255 255 255 255 255 255 255 255 255 255 255 255 255 255 255 255
255 255 255 255 255 255 255 255 255 255 255 255 255 255 255 255

255 255 255 255 255 255 255 255 255 255 255 255 255 255 255 255
255 255 255 255 255 255 255 255 255 255 255 255 255 255 255 255
255 255 255 255 255 255 255 255 255 255 255 255 255 255 255 255
255 255 255 255 255 255 255 255 255 255 255 255 255 255 255 255
255 255 255 255 255 255 255 255 255 255 255 255 233 244 255 255
255 255 255 255 255 255 255 255 255 255 255 255 255 255 255 255
255 255 255 255 255 198  19 179 219  74 255 255 255   0 255 255
255 255 254 255 255 255 255 255 255 223 255 255  37 255 255 255
255 255 254 225 194  50 233 255 255   0   0 255   6 255 255 255
255 255   6   0   0   0   9 255   0 255 255 255 255 255 255 255
255 255 255 255 255 255 255 255 255 255 113 255 255 255 255 255
255 255 255 255 255 255 255 255 255 255 255   0  86 255 255 255
255 255 255 255 255 255 255 255 255 255 255 255 255 255 255 255
255   0 255 255  12 255 255 255 255 255 255 255 255 255 255 255
255   0 255 255 255 255 255 255 255 255 255 255 255 255 255 255
255 255 255 255 255 255 255 255 255 255 255 255 255 255 255 255
255 255 255 255 255 255 255 255 255 255 255 255 255 255 255 255
255 255 255 255 255 255 255 255 255 255 255 255 255 255 255 255
255 255 255 255 255 255 255 255 255 255 255 255 255 255 255 255
255 255 255 255 255 255 255 255 255 255 255 255 255 255 255 255
255 255 255 255 255 255 255 255 255 255 255 255 233 244 255 255
255 255 255 255 255 255 255 255 255 255 255 255 255 255 255 255
255 255 255 255 255 198  19 179 219  74 255 255 255   0 255 255
255 255 254 255 255 255 255 255 255 223 255 255  37 255 255 255
255 255 254 225 194  50 233 255 255   0   0 255   6 255 255 255
255 255   6   0   0   0   9 255   0 255 255 255 255 255 255 255
255 255 255 255 255 255 255 255 255 255 113 255 255 255 255 255
255 255 255 255 255 255 255 255 255 255 255   0  86 255 255 255
255 255 255 255 255 255 255 255 255 255 255 255 255 255 255 255
255   0 255 255  12 255 255 255 255 255 255 255 255 255 255 255
255   0 255 255 255 255 255 255 255 255 255 255 255 255 255 255
255 255 255 255 255 255 255 255 255 255 255 255 255 255 255 255
255 255 255 255 255 255 255 255 255 255 255 255 255 255 255 255
255 255 255 255 255 255 255 255 255 255 255 255 255 255 255 255
255 255 255 255 255 255 255 255 255 255 255 255 255 255 255 255
255 255 255 255 255 255 255 255 255 255 255 255 255 255 255 255
255 255 255 255 255 255 255 255 255 255 255 255 233 244 255 255
255 255 255 255 255 255 255 255 255 255 255 255 255 255 255 255
255 255 255 255 255 198  19 179 219  74 255 255 255   0 255 255
255 255 254 255 255 255 255 255 255 223 255 255  37 255 255 255
255 255 254 225 194  50 233 255 255   0   0 255   6 255 255 255
255 255   6   0   0   0   9 255   0 255 255 255 255 255 255 255
255 255 255 255 255 255 255 255 255 255 113 255 255 255 255 255
255 255 255 255 255 255 255 255 255 255 255   0  86 255 255 255
255 255 255 255 255 255 255 255 255 255 255 255 255 255 255 255
255   0 255 255  12 255 255 255 255 255 255 255 255 255 255 255
255   0 255 255 255 255 255 255 255 255 255 255 255 255 255 255
255 255 255 255 255 255 255 255 255 255 255 255 255 255 255 255

255 255 255 255 255 255 255 255 255 255 255 255 255 255 255 255
255 255 255 255 255 255 255 255 255 255 255 255 255 255 255 255
255 255 255 255 244 255   0 255 255 255 255 255 255 255 255 255
255 255 255 255 233 255 255  37   5 255 255  87 255 255 255 255
255 255 255 255 255 255 255 255 255 255 255   0 255 255 255 255
255 255 255 255 255 255 255 255   0 255 112 255 255 255 255 255
255 255 255 255 255 255  74 223   0 255 255 255 255 255 255 255
255 255 255 255 255 255 219 255 255   0 255 255 255 255 255 255
255 255 255 255 255 255 179 255 255 255 255 255 255 255 255 255
255 255 255 255 255 255  18 255 233   9 255 255 255 255 255 255
255 255 255 255 255 255 198 255  49   0 255 255 255 255 255 255
255 255 255 255 255 255 255 255 193   0 255 255 255  13 255 255
255 255 255 255 255 255 255 255 224   0 255 255 255 255 255 255
255 255 255 255 255 255 255 255 254   6 255 255 255 255 255 255
255 255 255 255 255 255 255 255 255 255 255 255 255   0   0 255
255 255 255 255 255 255 255 255 255 255 255 255 255 255 255 255
255 255 255 255 255 255 255 255 255 255 255 255 255 255 255 255
255 255 255 255 255 255 255 255 255 255 255 255 255 255 255 255
255 255 255 255 244 255   0 255 255 255 255 255 255 255 255 255
255 255 255 255 233 255 255  37   5 255 255  87 255 255 255 255
255 255 255 255 255 255 255 255 255 255 255   0 255 255 255 255
255 255 255 255 255 255 255 255   0 255 112 255 255 255 255 255
255 255 255 255 255 255  74 223   0 255 255 255 255 255 255 255
255 255 255 255 255 255 219 255 255   0 255 255 255 255 255 255
255 255 255 255 255 255 179 255 255 255 255 255 255 255 255 255
255 255 255 255 255 255  18 255 233   9 255 255 255 255 255 255
255 255 255 255 255 255 198 255  49   0 255 255 255 255 255 255
255 255 255 255 255 255 255 255 193   0 255 255 255  13 255 255
255 255 255 255 255 255 255 255 224   0 255 255 255 255 255 255
255 255 255 255 255 255 255 255 254   6 255 255 255 255 255 255
255 255 255 255 255 255 255 255 255 255 255 255 255   0   0 255
255 255 255 255 255 255 255 255 255 255 255 255 255 255 255 255
255 255 255 255 255 255 255 255 255 255 255 255 255 255 255 255
255 255 255 255 255 255 255 255 255 255 255 255 255 255 255 255
255 255 255 255 244 255   0 255 255 255 255 255 255 255 255 255
255 255 255 255 233 255 255  37   5 255 255  87 255 255 255 255
255 255 255 255 255 255 255 255 255 255 255   0 255 255 255 255
255 255 255 255 255 255 255 255   0 255 112 255 255 255 255 255
255 255 255 255 255 255  74 223   0 255 255 255 255 255 255 255
255 255 255 255 255 255 219 255 255   0 255 255 255 255 255 255
255 255 255 255 255 255 179 255 255 255 255 255 255 255 255 255
255 255 255 255 255 255  18 255 233   9 255 255 255 255 255 255
255 255 255 255 255 255 198 255  49   0 255 255 255 255 255 255
255 255 255 255 255 255 255 255 193   0 255 255 255  13 255 255
255 255 255 255 255 255 255 255 224   0 255 255 255 255 255 255
255 255 255 255 255 255 255 255 254   6 255 255 255 255 255 255
255 255 255 255 255 255 255 255 255 255 255 255 255   0   0 255
255 255 255 255 255 255 255 255 255 255 255 255 255 255 255 255
